qid ap.1000
301 0.0530
302 0.5636
303 0.2090
304 0.1160
305 0.0149
306 0.1222
307 0.2169
308 0.4320
309 0.0005
310 0.1484
311 0.6176
312 0.1909
313 0.7969
314 0.0002
315 0.0168
316 0.5698
317 0.1865
318 0.0135
319 0.0464
320 0.0532
321 0.2921
322 0.0034
323 0.1802
324 0.5676
325 0.0515
326 0.6344
327 0.0709
328 0.7253
329 0.2576
330 0.1318
331 0.1867
332 0.1003
333 0.3277
334 0.2814
335 0.2955
336 0.0934
337 0.2683
338 0.4536
339 0.4289
340 0.1718
341 0.3233
342 0.0789
343 0.0129
344 0.0486
345 0.1039
346 0.0090
347 0.0412
348 0.8100
349 0.0946
350 0.0773
351 0.3880
352 0.0459
353 0.3037
354 0.0477
355 0.1441
356 0.0131
357 0.4108
358 0.0984
359 0.0245
360 0.5683
361 0.3977
362 0.1317
363 0.0937
364 0.5353
365 0.7856
366 0.5291
367 0.0645
368 0.5176
369 0.2707
370 0.1097
371 0.0017
372 0.0739
373 0.3728
374 0.2799
375 0.2351
376 0.0166
377 0.3222
378 0.0079
379 0.0277
380 0.1681
381 0.0539
382 0.3963
383 0.0205
384 0.2014
385 0.2616
386 0.0209
387 0.1441
388 0.0439
389 0.0248
390 0.0985
391 0.1880
392 0.4794
393 0.0846
394 0.0994
395 0.1329
396 0.3414
397 0.0265
398 0.0152
399 0.1473
400 0.3601
401 0.0082
402 0.0430
403 0.7492
404 0.1455
405 0.0563
406 0.4295
407 0.3018
408 0.1350
409 0.1534
410 0.8218
411 0.2102
412 0.2240
413 0.0916
414 0.2936
415 0.2293
416 0.3588
417 0.3489
418 0.1162
419 0.0970
420 0.4309
421 0.0463
422 0.2283
423 0.6261
424 0.1419
425 0.4795
426 0.0361
427 0.1369
428 0.2270
429 0.3366
430 0.6434
431 0.4454
432 0.0011
433 0.1047
434 0.3811
435 0.0456
436 0.0513
437 0.0043
438 0.2275
439 0.0532
440 0.0741
441 0.6848
442 0.0087
443 0.1547
444 0.9176
445 0.1691
446 0.1921
447 0.2732
448 0.0182
449 0.0609
450 0.3577
601 0.5361
602 0.2578
603 0.2749
604 0.7937
605 0.0470
606 0.3354
607 0.1641
608 0.0597
609 0.2738
610 0.0200
611 0.2449
612 0.4625
613 0.1938
614 0.1771
615 0.2160
616 0.7294
617 0.3023
618 0.1760
619 0.6052
620 0.0876
621 0.3699
622 0.1677
623 0.3048
624 0.2569
625 0.0346
626 0.1452
627 0.0095
628 0.2276
629 0.1580
630 0.6341
631 0.1639
632 0.2163
633 0.4906
634 0.7058
635 0.6491
636 0.3182
637 0.4431
638 0.0245
639 0.1345
640 0.3513
641 0.2275
642 0.1465
643 0.3050
644 0.2158
645 0.6440
646 0.1873
647 0.2266
648 0.3701
649 0.7060
650 0.0920
651 0.0323
652 0.2941
653 0.5599
654 0.4114
655 0.0022
656 0.4393
657 0.4062
658 0.0771
659 0.3210
660 0.6553
661 0.5928
662 0.2724
663 0.4054
664 0.4049
665 0.2051
666 0.0133
667 0.3363
668 0.3273
669 0.1444
670 0.1214
671 0.2655
673 0.3040
674 0.1284
675 0.3397
676 0.2259
677 0.8246
678 0.1770
679 0.9306
680 0.0730
681 0.4297
682 0.2741
683 0.0266
684 0.1056
685 0.1623
686 0.2455
687 0.2249
688 0.0978
689 0.0702
690 0.0017
691 0.2949
692 0.3863
693 0.3442
694 0.4947
695 0.2747
696 0.3049
697 0.2716
698 0.5150
699 0.2602
700 0.2752
